shape_id,shape_pt_sequence,shape_pt_lat,shape_pt_lon
shp_1_0,0,60.102340,19.942443
shp_1_0,1,60.103918,19.937272
shp_1_0,2,60.106403,19.929953
shp_1_0,3,60.108150,19.910526
shp_1_0,4,60.115807,19.878218
shp_1_0,5,60.144714,19.812572
shp_1_0,6,60.182280,19.783794
shp_1_0,7,60.194223,19.781430
shp_1_0,8,60.205648,19.766875
shp_1_0,9,60.216354,19.741357
shp_1_0,10,60.216943,19.729472
shp_1_0,11,60.216426,19.671962
shp_1_0,12,60.214667,19.636661
shp_1_0,13,60.217415,19.602318
shp_1_0,14,60.223890,19.567374
shp_1_0,15,60.223328,19.558649
shp_1_1,0,60.223328,19.558649
shp_1_1,1,60.223890,19.567374
shp_1_1,2,60.217415,19.602318
shp_1_1,3,60.214667,19.636661
shp_1_1,4,60.216426,19.671962
shp_1_1,5,60.216943,19.729472
shp_1_1,6,60.216354,19.741357
shp_1_1,7,60.205648,19.766875
shp_1_1,8,60.194223,19.781430
shp_1_1,9,60.182280,19.783794
shp_1_1,10,60.144714,19.812572
shp_1_1,11,60.115807,19.878218
shp_1_1,12,60.108150,19.910526
shp_1_1,13,60.106403,19.929953
shp_1_1,14,60.103918,19.937272
shp_1_1,15,60.102340,19.942443
shp_2_0,0,60.102340,19.942443
shp_2_0,1,60.104463,19.941982
shp_2_0,2,60.111089,19.940445
shp_2_0,3,60.116943,19.942122
shp_2_0,4,60.119694,19.942484
shp_2_0,5,60.127846,19.942249
shp_2_0,6,60.156351,19.947425
shp_2_0,7,60.158994,19.947186
shp_2_0,8,60.185286,19.964018
shp_2_0,9,60.211430,19.973191
shp_2_0,10,60.230598,19.989184
shp_2_0,11,60.234799,19.981066
shp_2_0,12,60.254413,19.963059
shp_2_0,13,60.266423,19.958431
shp_2_0,14,60.280501,19.956562
shp_2_0,15,60.305333,19.951642
shp_2_0,16,60.323394,19.925743
shp_2_0,17,60.339545,19.881348
shp_2_0,18,60.361341,19.843466
shp_2_0,19,60.374613,19.847036
shp_2_1,0,60.374613,19.847036
shp_2_1,1,60.361341,19.843466
shp_2_1,2,60.339545,19.881348
shp_2_1,3,60.323394,19.925743
shp_2_1,4,60.305333,19.951642
shp_2_1,5,60.280501,19.956562
shp_2_1,6,60.266423,19.958431
shp_2_1,7,60.254413,19.963059
shp_2_1,8,60.234799,19.981066
shp_2_1,9,60.230598,19.989184
shp_2_1,10,60.211430,19.973191
shp_2_1,11,60.185286,19.964018
shp_2_1,12,60.158994,19.947186
shp_2_1,13,60.156351,19.947425
shp_2_1,14,60.127846,19.942249
shp_2_1,15,60.119694,19.942484
shp_2_1,16,60.116943,19.942122
shp_2_1,17,60.111089,19.940445
shp_2_1,18,60.104463,19.941982
shp_2_1,19,60.102340,19.942443
shp_3_0,0,60.102340,19.942443
shp_3_0,1,60.104463,19.941982
shp_3_0,2,60.111089,19.940445
shp_3_0,3,60.116943,19.942122
shp_3_0,4,60.119694,19.942484
shp_3_0,5,60.127846,19.942249
shp_3_0,6,60.156351,19.947425
shp_3_0,7,60.158994,19.947186
shp_3_0,8,60.185286,19.964018
shp_3_0,9,60.211430,19.973191
shp_3_0,10,60.230598,19.989184
shp_3_0,11,60.239967,20.020486
shp_3_0,12,60.244254,20.053211
shp_3_0,13,60.276102,20.062256
shp_3_1,0,60.276102,20.062256
shp_3_1,1,60.244254,20.053211
shp_3_1,2,60.239967,20.020486
shp_3_1,3,60.230598,19.989184
shp_3_1,4,60.211430,19.973191
shp_3_1,5,60.185286,19.964018
shp_3_1,6,60.158994,19.947186
shp_3_1,7,60.156351,19.947425
shp_3_1,8,60.127846,19.942249
shp_3_1,9,60.119694,19.942484
shp_3_1,10,60.116943,19.942122
shp_3_1,11,60.111089,19.940445
shp_3_1,12,60.104463,19.941982
shp_3_1,13,60.102340,19.942443
shp_4_0,0,60.102340,19.942443
shp_4_0,1,60.104463,19.941982
shp_4_0,2,60.111089,19.940445
shp_4_0,3,60.116943,19.942122
shp_4_0,4,60.119694,19.942484
shp_4_0,5,60.127846,19.942249
shp_4_0,6,60.156351,19.947425
shp_4_0,7,60.158994,19.947186
shp_4_0,8,60.185286,19.964018
shp_4_0,9,60.211430,19.973191
shp_4_0,10,60.230598,19.989184
shp_4_0,11,60.239967,20.020486
shp_4_0,12,60.240527,20.064838
shp_4_0,13,60.230611,20.091936
shp_4_0,14,60.221130,20.141632
shp_4_0,15,60.219423,20.188527
shp_4_0,16,60.212179,20.240862
shp_4_0,17,60.212065,20.298425
shp_4_0,18,60.242963,20.370576
shp_4_0,19,60.242474,20.371713
shp_4_1,0,60.242474,20.371713
shp_4_1,1,60.242963,20.370576
shp_4_1,2,60.212065,20.298425
shp_4_1,3,60.212179,20.240862
shp_4_1,4,60.219423,20.188527
shp_4_1,5,60.221130,20.141632
shp_4_1,6,60.230611,20.091936
shp_4_1,7,60.240527,20.064838
shp_4_1,8,60.239967,20.020486
shp_4_1,9,60.230598,19.989184
shp_4_1,10,60.211430,19.973191
shp_4_1,11,60.185286,19.964018
shp_4_1,12,60.158994,19.947186
shp_4_1,13,60.156351,19.947425
shp_4_1,14,60.127846,19.942249
shp_4_1,15,60.119694,19.942484
shp_4_1,16,60.116943,19.942122
shp_4_1,17,60.111089,19.940445
shp_4_1,18,60.104463,19.941982
shp_4_1,19,60.102340,19.942443
shp_5_0,0,60.102340,19.942443
shp_5_0,1,60.104463,19.941982
shp_5_0,2,60.111089,19.940445
shp_5_0,3,60.115261,19.951079
shp_5_0,4,60.112542,19.978784
shp_5_0,5,60.098392,20.015142
shp_5_0,6,60.082119,20.029227
shp_5_0,7,60.070336,20.073135
shp_5_0,8,60.071708,20.084142
shp_5_0,9,60.071420,20.093462
shp_5_0,10,60.073333,20.132119
shp_5_0,11,60.075884,20.187276
shp_5_0,12,60.084676,20.238103
shp_5_0,13,60.095446,20.261212
shp_5_0,14,60.116631,20.258526
shp_5_0,15,60.117638,20.296359
shp_5_1,0,60.117638,20.296359
shp_5_1,1,60.116631,20.258526
shp_5_1,2,60.095446,20.261212
shp_5_1,3,60.084676,20.238103
shp_5_1,4,60.075884,20.187276
shp_5_1,5,60.073333,20.132119
shp_5_1,6,60.071420,20.093462
shp_5_1,7,60.071708,20.084142
shp_5_1,8,60.070336,20.073135
shp_5_1,9,60.082119,20.029227
shp_5_1,10,60.098392,20.015142
shp_5_1,11,60.112542,19.978784
shp_5_1,12,60.115261,19.951079
shp_5_1,13,60.111089,19.940445
shp_5_1,14,60.104463,19.941982
shp_5_1,15,60.102340,19.942443
shp_6_0,0,60.102340,19.942443
shp_6_0,1,60.104463,19.941982
shp_6_0,2,60.111089,19.940445
shp_6_0,3,60.116943,19.942122
shp_6_0,4,60.119694,19.942484
shp_6_0,5,60.127846,19.942249
shp_6_0,6,60.156351,19.947425
shp_6_0,7,60.158994,19.947186
shp_6_0,8,60.186319,19.950708
shp_6_0,9,60.194108,19.946116
shp_6_0,10,60.203772,19.918481
shp_6_0,11,60.210670,19.878339
shp_6_0,12,60.204055,19.917671
shp_6_0,13,60.204826,19.959452
shp_6_0,14,60.209214,19.963291
shp_6_0,15,60.223520,19.981334
shp_6_0,16,60.230598,19.989184
